1 0.8584
2 0.8584
3 0.8584
4 0.1416
5 0.0584
6 0.1917
7 0.287
8 0.3584
9 0.414
10 0.0584
11 0.1311
12 0.1917
13 0.243
14 0.287
15 0.0584
16 0.1416
17 0.0828
18 0.0305
19 0.0163
20 0.0584
21 0.094
22 0.2325
23 0.1851
24 0.3083
25 0.2616
26 0.2185
27 0.1786
28 0.1416
29 0.245
30 0.2083
31 0.1739
32 0.2666
33 0.2325
34 0.2004
35 0.1702
36 0.1416
37 0.1146
38 0.089
39 0.0647
40 0.0416
41 0.0196
42 0.094
43 0.1649
44 0.1416
45 0.2083
46 0.1851
47 0.1629
48 0.2249
49 0.2028
50 0.1816
51 0.1612
52 0.1416
53 0.1227
54 0.1786
55 0.1598
56 0.1416
57 0.1241
58 0.1071
59 0.0908
60 0.0749
61 0.0596
62 0.0448
63 0.0305
64 0.0166
65 0.0031
66 0.0099
67 0.0226
68 0.024
69 0.0112
70 0.0013
71 0.043
72 0.0305
73 0.0731
74 0.0605
75 0.0483
76 0.0363
77 0.0247
78 0.0134
79 0.0024
80 0.0084
81 0.0305
82 0.0196
83 0.0091
84 0.0013
85 0.0113
86 0.0212
87 0.0308
88 0.0402
89 0.0494
90 0.014
91 0.0232
92 0.0323
93 0.0412
94 0.0499
95 0.0584
96 0.0667
97 0.0337
98 0.0421
99 0.0503
100 0.0584
101 0.0663
102 0.0741
103 0.0817
104 0.0892
105 0.0965
106 0.1037
107 0.1107
108 0.0806
109 0.0878
110 0.0584
111 0.0656
112 0.0727
113 0.0442
114 0.0163
115 0.0236
116 0.0308
117 0.0379
118 0.0448
119 0.0181
120 0.0251
121 0.032
122 0.0059
123 0.0129
124 0.0126
125 0.0376
126 0.0305
127 0.0235
128 0.0478
129 0.0408
130 0.0339
131 0.0271
132 0.0204
133 0.0138
134 0.0073
135 0.0305
136 0.024
137 0.0175
138 0.0112
139 0.0049
140 0.0013
141 0.0073
142 0.0133
143 0.0087
144 0.0027
145 0.0032
146 0.0091
147 0.0123
148 0.0065
149 0.0007
150 0.0051
151 0.0107
152 0.0163
153 0.0043
154 0.0013
155 0.019
156 0.0134
157 0.0078
158 0.0024
159 0.0031
160 0.0084
161 0.0137
162 0.0189
163 0.024
164 0.0291
165 0.0099
166 0.015
167 0.0201
168 0.0251
169 0.03
170 0.0349
171 0.0397
172 0.0444
173 0.0492
174 0.0538
175 0.0584
176 0.0402
177 0.0448
178 0.0494
179 0.0539
180 0.0584
181 0.0407
182 0.0452
183 0.0497
184 0.0541
185 0.0368
186 0.0412
187 0.0456
188 0.0499
189 0.0542
190 0.0584
191 0.0626
192 0.0667
193 0.0708
194 0.0749
195 0.0789
196 0.0829
197 0.0868
198 0.0907
199 0.0946
200 0.0984
201 0.0823
202 0.0861
203 0.0899
204 0.0937
205 0.0974
206 0.1011
207 0.1048
208 0.0892
209 0.0928
210 0.0965
211 0.1001
212 0.1037
213 0.1072
214 0.092
215 0.0956
216 0.0991
217 0.1026
218 0.1061
219 0.1095
220 0.1129
221 0.0982
222 0.0836
223 0.0871
224 0.0905
225 0.094
226 0.0973
227 0.1007
228 0.0865
229 0.0724
230 0.0758
231 0.0792
232 0.0825
233 0.0687
234 0.0721
235 0.0754
236 0.0787
237 0.082
238 0.0853
239 0.0718
240 0.0584
241 0.0617
242 0.065
243 0.0683
244 0.0715
245 0.0747
246 0.0779
247 0.0811
248 0.0842
249 0.0873
250 0.0744
251 0.0775
252 0.0647
253 0.0679
254 0.071
255 0.0584
256 0.0615
257 0.0646
258 0.0677
259 0.0708
260 0.0584
261 0.0615
262 0.0645
263 0.0675
264 0.0705
265 0.0735
266 0.0764
267 0.0794
268 0.0823
269 0.0852
270 0.088
271 0.0909
272 0.079
273 0.0818
274 0.0701
275 0.0729
276 0.0758
277 0.0786
278 0.067
279 0.0699
280 0.0727
281 0.0755
282 0.0783
283 0.081
284 0.0838
285 0.0724
286 0.0752
287 0.0779
288 0.0667
289 0.0556
290 0.0584
291 0.0474
292 0.0502
293 0.0529
294 0.0421
295 0.0448
296 0.0341
297 0.0369
298 0.0262
299 0.0156
300 0.0184
301 0.0079
302 0.0107
303 0.0135
304 0.0163
305 0.0191
306 0.0218
307 0.0115
308 0.0142
309 0.017
310 0.0197
311 0.0224
312 0.0122
313 0.0149
314 0.0176
315 0.0203
316 0.0103
317 0.013
318 0.0031
319 0.0068
320 0.0166
321 0.0263
322 0.0236
323 0.0209
324 0.0181
325 0.0278
326 0.0373
327 0.0468
328 0.044
329 0.0413
330 0.0386
331 0.0479
332 0.0452
333 0.0425
334 0.0398
335 0.0371
336 0.0345
337 0.0318
338 0.041
339 0.0384
340 0.0357
341 0.0331
342 0.0305
343 0.0279
344 0.0253
345 0.0228
346 0.0202
347 0.0177
348 0.0152
349 0.0127
350 0.0102
351 0.0077
352 0.0052
353 0.0028
354 0.0004
355 0.0092
356 0.0068
357 0.0043
358 0.0019
359 0.0107
360 0.0083
361 0.0059
362 0.0035
363 0.0011
364 0.0013
365 0.0036
366 0.0059
367 0.0083
368 0.0106
369 0.0129
370 0.0152
371 0.0066
372 0.0089
373 0.0112
374 0.0135
375 0.0157
376 0.0073
377 0.0096
378 0.0118
379 0.0141
380 0.0163
381 0.0185
382 0.0207
383 0.0229
384 0.0146
385 0.0168
386 0.019
387 0.0212
388 0.013
389 0.0152
390 0.0071
391 0.0093
392 0.0115
393 0.0136
394 0.0158
395 0.0179
396 0.02
397 0.0121
398 0.0142
399 0.0063
400 0.0016
401 0.0005
402 0.0073
403 0.0051
404 0.003
405 0.0009
406 0.0013
407 0.0034
408 0.0055
409 0.0075
410 0.0096
411 0.0117
412 0.004
413 0.0061
414 0.0082
415 0.0102
416 0.0122
417 0.0143
418 0.0067
419 0.0088
420 0.0108
421 0.0128
422 0.0148
423 0.0168
424 0.0093
425 0.0113
426 0.0133
427 0.0153
428 0.0173
429 0.0192
430 0.0212
431 0.0231
432 0.0251
433 0.027
434 0.0289
435 0.0308
436 0.0327
437 0.0346
438 0.0365
439 0.0292
440 0.0311
441 0.0239
442 0.0258
443 0.0277
444 0.0296
445 0.0314
446 0.0243
447 0.0262
448 0.028
449 0.0299
450 0.0317
451 0.0336
452 0.0354
453 0.0372
454 0.0302
455 0.0232
456 0.0251
457 0.0269
458 0.0287
459 0.0218
460 0.0236
461 0.0254
462 0.0272
463 0.029
464 0.0308
465 0.0326
466 0.0344
467 0.0361
468 0.0379
469 0.0396
470 0.0414
471 0.0431
472 0.0448
473 0.0466
474 0.0483
475 0.0416
476 0.0433
477 0.0366
478 0.0383
479 0.04
480 0.0417
481 0.0351
482 0.0368
483 0.0385
484 0.0402
485 0.0419
486 0.0436
487 0.0453
488 0.0469
489 0.0404
490 0.0421
491 0.0437
492 0.0454
493 0.047
494 0.0487
495 0.0503
496 0.0439
497 0.0375
498 0.0391
499 0.0408
500 0.0424
501 0.044
502 0.0457
503 0.0473
504 0.0489
505 0.0505
506 0.0521
507 0.0537
508 0.0553
509 0.049
510 0.0506
511 0.0521
512 0.0459
513 0.0475
514 0.0491
515 0.0506
516 0.0522
517 0.0538
518 0.0553
519 0.0492
520 0.0507
521 0.0523
522 0.0538
523 0.0553
524 0.0569
525 0.0584
526 0.0599
527 0.0614
528 0.0554
529 0.0569
530 0.0584
531 0.0599
532 0.0614
533 0.0554
534 0.0494
535 0.0509
536 0.0524
537 0.0539
538 0.048
539 0.0495
540 0.051
541 0.0451
542 0.0466
543 0.0481
544 0.0496
545 0.0511
546 0.0525
547 0.0467
548 0.0482
549 0.0497
550 0.0439
551 0.0453
552 0.0396
553 0.041
554 0.0353
555 0.0368
556 0.0383
557 0.0325
558 0.034
559 0.0355
560 0.037
561 0.0384
562 0.0399
563 0.0342
564 0.0357
565 0.0372
566 0.0386
567 0.0401
568 0.0415
569 0.0359
570 0.0303
571 0.0248
572 0.0262
573 0.0277
574 0.0291
575 0.0236
576 0.0251
577 0.0265
578 0.021
579 0.0225
580 0.017
581 0.0185
582 0.0199
583 0.0214
584 0.0228
585 0.0242
586 0.0256
587 0.0271
588 0.0285
589 0.0299
590 0.0313
591 0.0327
592 0.0341
593 0.0355
594 0.0369
595 0.0382
596 0.0396
597 0.041
598 0.0423
599 0.0437
600 0.0384
601 0.0398
602 0.0345
603 0.0358
604 0.0372
605 0.0386
606 0.0399
607 0.0413
608 0.0426
609 0.044
610 0.0387
611 0.0401
612 0.0414
613 0.0427
614 0.0441
615 0.0454
616 0.0402
617 0.0415
618 0.0429
619 0.0442
620 0.0455
621 0.0468
622 0.0481
623 0.0494
624 0.0507
625 0.052
626 0.0533
627 0.0482
628 0.0495
629 0.0444
630 0.0457
631 0.047
632 0.0483
633 0.0496
634 0.0508
635 0.0458
636 0.0471
637 0.0484
638 0.0496
639 0.0509
640 0.0522
641 0.0534
642 0.0547
643 0.0559
644 0.0572
645 0.0584
646 0.0596
647 0.0609
648 0.0621
649 0.0572
650 0.0584
651 0.0596
652 0.0547
653 0.0559
654 0.0511
655 0.0523
656 0.0474
657 0.0487
658 0.0499
659 0.0511
660 0.0523
661 0.0536
662 0.0487
663 0.05
664 0.0451
665 0.0404
666 0.0356
667 0.0308
668 0.0321
669 0.0273
670 0.0285
671 0.0238
672 0.0251
673 0.0263
674 0.0275
675 0.0288
676 0.03
677 0.0312
678 0.0324
679 0.0337
680 0.0349
681 0.0361
682 0.0373
683 0.0385
684 0.0397
685 0.035
686 0.0362
687 0.0374
688 0.0386
689 0.0398
690 0.0352
691 0.0364
692 0.0376
693 0.0388
694 0.04
695 0.0411
696 0.0423
697 0.0435
698 0.0389
699 0.0401
700 0.0355
701 0.0367
702 0.0322
703 0.0334
704 0.0345
705 0.0357
706 0.0312
707 0.0324
708 0.0335
709 0.0347
710 0.0359
711 0.037
712 0.0382
713 0.0393
714 0.0405
715 0.0416
716 0.0428
717 0.0439
718 0.045
719 0.0462
720 0.0473
721 0.0484
722 0.0495
723 0.0507
724 0.0462
725 0.0474
726 0.0485
727 0.0441
728 0.0452
729 0.0463
730 0.0474
731 0.0486
732 0.0497
733 0.0508
734 0.0519
735 0.053
736 0.0541
737 0.0551
738 0.0562
739 0.0573
740 0.0584
741 0.0595
742 0.0606
743 0.0616
744 0.0627
745 0.0638
746 0.0648
747 0.0659
748 0.0616
749 0.0627
750 0.0584
751 0.0541
752 0.0499
753 0.051
754 0.052
755 0.0531
756 0.0542
757 0.0552
758 0.0563
759 0.0573
760 0.0584
761 0.0595
762 0.0605
763 0.0615
764 0.0626
765 0.0636
766 0.0647
767 0.0657
768 0.0667
769 0.0678
770 0.0688
771 0.0698
772 0.0708
773 0.0719
774 0.0729
775 0.0739
776 0.0697
777 0.0708
778 0.0718
779 0.0728
780 0.0738
781 0.0748
782 0.0758
783 0.0768
784 0.0778
785 0.0788
786 0.0798
787 0.0757
788 0.0767
789 0.0726
790 0.0736
791 0.0746
792 0.0756
793 0.0766
794 0.0775
795 0.0785
796 0.0745
797 0.0755
798 0.0764
799 0.0724
800 0.0684
801 0.0694
802 0.0704
803 0.0664
804 0.0674
805 0.0683
806 0.0693
807 0.0703
808 0.0713
809 0.0722
810 0.0732
811 0.0693
812 0.0702
813 0.0712
814 0.0722
815 0.0731
816 0.0692
817 0.0702
818 0.0711
819 0.0721
820 0.073
821 0.0691
822 0.0652
823 0.0662
824 0.0671
825 0.0681
826 0.0691
827 0.0652
828 0.0661
829 0.0671
830 0.068
831 0.069
832 0.0699
833 0.0709
834 0.0718
835 0.0728
836 0.0737
837 0.0746
838 0.0756
839 0.0717
840 0.0679
841 0.0689
842 0.0698
843 0.0707
844 0.0717
845 0.0726
846 0.0735
847 0.0745
848 0.0754
849 0.0763
850 0.0772
851 0.0781
852 0.0791
853 0.08
854 0.0809
855 0.0818
856 0.078
857 0.0789
858 0.0798
859 0.0808
860 0.0817
861 0.0779
862 0.0742
863 0.0751
864 0.0714
865 0.0723
866 0.0732
867 0.0695
868 0.0658
869 0.0621
870 0.063
871 0.0639
872 0.0648
873 0.0657
874 0.0666
875 0.0675
876 0.0639
877 0.0648
878 0.0657
879 0.0666
880 0.0675
881 0.0684
882 0.0693
883 0.0702
884 0.0711
885 0.072
886 0.0728
887 0.0737
888 0.0746
889 0.0755
890 0.0764
891 0.0773
892 0.0781
893 0.079
894 0.0799
895 0.0807
896 0.0816
897 0.0825
898 0.0833
899 0.0842
900 0.0851
901 0.0859
902 0.0823
903 0.0832
904 0.0796
905 0.0805
906 0.0769
907 0.0778
908 0.0787
909 0.0795
910 0.076
911 0.0768
912 0.0777
913 0.0786
914 0.0794
915 0.0803
916 0.0811
917 0.082
918 0.0828
919 0.0836
920 0.0845
921 0.0853
922 0.0862
923 0.0827
924 0.0835
925 0.0843
926 0.0852
927 0.086
928 0.0868
929 0.0877
930 0.0885
931 0.085
932 0.0859
933 0.0824
934 0.0832
935 0.0841
936 0.0849
937 0.0815
938 0.0823
939 0.0788
940 0.0797
941 0.0805
942 0.0813
943 0.0822
944 0.0787
945 0.0753
946 0.0762
947 0.077
948 0.0778
949 0.0744
950 0.0752
951 0.0761
952 0.0769
953 0.0777
954 0.0785
955 0.0793
956 0.0802
957 0.081
958 0.0818
959 0.0826
960 0.0834
961 0.0842
962 0.085
963 0.0858
964 0.0866
965 0.0874
966 0.0882
967 0.089
968 0.0898
969 0.0906
970 0.0914
971 0.0922
972 0.093
973 0.0938
974 0.0945
975 0.0953
976 0.0961
977 0.0928
978 0.0895
979 0.0903
980 0.0911
981 0.0918
982 0.0926
983 0.0934
984 0.0942
985 0.0909
986 0.0917
987 0.0924
988 0.0892
989 0.0899
990 0.0867
991 0.0875
992 0.0882
993 0.085
994 0.0858
995 0.0865
996 0.0873
997 0.0841
998 0.0849
999 0.0856
1000 0.0864
1001 0.0872
1002 0.0879
1003 0.0887
1004 0.0855
1005 0.0863
1006 0.087
1007 0.0878
1008 0.0846
1009 0.0854
1010 0.0861
1011 0.0869
1012 0.0837
1013 0.0845
1014 0.0813
1015 0.082
1016 0.0828
1017 0.0836
1018 0.0843
1019 0.0851
1020 0.0859
1021 0.0866
1022 0.0874
1023 0.0881
1024 0.0889
1025 0.0857
1026 0.0865
1027 0.0872
1028 0.088
1029 0.0887
1030 0.0895
1031 0.0902
1032 0.091
1033 0.0917
1034 0.0924
1035 0.0932
1036 0.0939
1037 0.0947
1038 0.0954
1039 0.0961
1040 0.0969
1041 0.0976
1042 0.0945
1043 0.0952
1044 0.0921
1045 0.0928
1046 0.0936
1047 0.0905
1048 0.0912
1049 0.092
1050 0.0927
1051 0.0934
1052 0.0941
1053 0.0911
1054 0.0918
1055 0.0925
1056 0.0932
1057 0.0902
1058 0.0909
1059 0.0879
1060 0.0886
1061 0.0893
1062 0.09
1063 0.0908
1064 0.0915
1065 0.0922
1066 0.0929
1067 0.0936
1068 0.0944
1069 0.0913
1070 0.092
1071 0.0928
1072 0.0935
1073 0.0905
1074 0.0875
1075 0.0882
1076 0.0889
1077 0.0859
1078 0.0866
1079 0.0836
1080 0.0806
1081 0.0813
1082 0.0784
1083 0.0791
1084 0.0798
1085 0.0805
1086 0.0812
1087 0.0783
1088 0.079
1089 0.0797
1090 0.0804
1091 0.0811
1092 0.0818
1093 0.0826
1094 0.0796
1095 0.0803
1096 0.081
1097 0.0817
1098 0.0824
1099 0.0831
1100 0.0839
1101 0.0846
1102 0.0853
1103 0.086
1104 0.083
1105 0.0801
1106 0.0808
1107 0.0815
1108 0.0822
1109 0.0829
1110 0.08
1111 0.0807
1112 0.0814
1113 0.0821
1114 0.0828
1115 0.0835
1116 0.0842
1117 0.0849
1118 0.0856
1119 0.0863
1120 0.087
1121 0.0877
1122 0.0883
1123 0.089
1124 0.0897
1125 0.0904
1126 0.0911
1127 0.0918
1128 0.0924
1129 0.0931
1130 0.0938
1131 0.0909
1132 0.0916
1133 0.0923
1134 0.0894
1135 0.0901
1136 0.0873
1137 0.088
1138 0.0851
1139 0.0858
1140 0.0865
1141 0.0871
1142 0.0878
1143 0.085
1144 0.0857
1145 0.0863
1146 0.087
1147 0.0877
1148 0.0884
1149 0.0856
1150 0.0862
1151 0.0834
1152 0.0806
1153 0.0778
1154 0.0785
1155 0.0792
1156 0.0799
1157 0.0805
1158 0.0812
1159 0.0784
1160 0.0791
1161 0.0763
1162 0.077
1163 0.0777
1164 0.0783
1165 0.079
1166 0.0762
1167 0.0769
1168 0.0776
1169 0.0782
1170 0.0789
1171 0.0762
1172 0.0768
1173 0.0775
1174 0.0782
1175 0.0788
1176 0.0795
1177 0.0802
1178 0.0774
1179 0.0747
1180 0.0753
1181 0.076
1182 0.0767
1183 0.0773
1184 0.0746
1185 0.0719
1186 0.0692
1187 0.0665
1188 0.0638
1189 0.0611
1190 0.0584
1191 0.0591
1192 0.0597
1193 0.0571
1194 0.0577
1195 0.0551
1196 0.0557
1197 0.0564
1198 0.0571
1199 0.0577
1200 0.0584
1201 0.0591
1202 0.0597
1203 0.0604
1204 0.0611
1205 0.0617
1206 0.0591
1207 0.0597
1208 0.0604
1209 0.061
1210 0.0617
1211 0.0624
1212 0.063
1213 0.0637
1214 0.0643
1215 0.065
1216 0.0656
1217 0.0663
1218 0.0669
1219 0.0643
1220 0.065
1221 0.0656
1222 0.0663
1223 0.0636
1224 0.0643
1225 0.0617
1226 0.0591
1227 0.0597
1228 0.0571
1229 0.0577
1230 0.0584
1231 0.0558
1232 0.0565
1233 0.0571
1234 0.0578
1235 0.0584
1236 0.0558
1237 0.0565
1238 0.0571
1239 0.0578
1240 0.0584
1241 0.059
1242 0.0597
1243 0.0603
1244 0.061
1245 0.0584
1246 0.0558
1247 0.0533
1248 0.0539
1249 0.0546
1250 0.0552
1251 0.0526
1252 0.0533
1253 0.0539
1254 0.0546
1255 0.0552
1256 0.0559
1257 0.0565
1258 0.0571
1259 0.0578
1260 0.0584
1261 0.059
1262 0.0597
1263 0.0603
1264 0.0609
1265 0.0616
1266 0.059
1267 0.0597
1268 0.0603
1269 0.0609
1270 0.0615
1271 0.0622
1272 0.0628
1273 0.0634
1274 0.0641
1275 0.0647
1276 0.0653
1277 0.0659
1278 0.0665
1279 0.0672
1280 0.0678
1281 0.0684
1282 0.069
1283 0.0696
1284 0.0671
1285 0.0646
1286 0.0652
1287 0.0659
1288 0.0665
1289 0.0671
1290 0.0646
1291 0.0652
1292 0.0658
1293 0.0664
1294 0.064
1295 0.0646
1296 0.0652
1297 0.0658
1298 0.0633
1299 0.0639
1300 0.0615
1301 0.059
1302 0.0596
1303 0.0572
1304 0.0578
1305 0.0553
1306 0.0559
1307 0.0566
1308 0.0572
1309 0.0547
1310 0.0553
1311 0.056
1312 0.0535
1313 0.0541
1314 0.0547
1315 0.0523
1316 0.0529
1317 0.0535
1318 0.0511
1319 0.0487
1320 0.0463
1321 0.0439
1322 0.0445
1323 0.0421
1324 0.0427
1325 0.0433
1326 0.0439
1327 0.0415
1328 0.0421
1329 0.0427
1330 0.0404
1331 0.041
1332 0.0386
1333 0.0362
1334 0.0338
1335 0.0344
1336 0.035
1337 0.0357
1338 0.0333
1339 0.0309
1340 0.0315
1341 0.0322
1342 0.0328
1343 0.0304
1344 0.031
1345 0.0316
1346 0.0322
1347 0.0329
1348 0.0335
1349 0.0341
1350 0.0317
1351 0.0294
1352 0.03
1353 0.0306
1354 0.0312
1355 0.0318
1356 0.0324
1357 0.033
1358 0.0337
1359 0.0343
1360 0.0349
1361 0.0355
1362 0.0361
1363 0.0367
1364 0.0373
1365 0.0379
1366 0.0385
1367 0.0391
1368 0.0368
1369 0.0374
1370 0.038
1371 0.0386
1372 0.0392
1373 0.0398
1374 0.0404
1375 0.0409
1376 0.0415
1377 0.0392
1378 0.0398
1379 0.0404
1380 0.041
1381 0.0416
1382 0.0422
1383 0.0428
1384 0.0434
1385 0.044
1386 0.0445
1387 0.0451
1388 0.0428
1389 0.0434
1390 0.044
1391 0.0417
1392 0.0423
1393 0.04
1394 0.0406
1395 0.0383
1396 0.0389
1397 0.0395
1398 0.0401
1399 0.0378
1400 0.0384
1401 0.039
1402 0.0367
1403 0.0373
1404 0.0379
1405 0.0385
1406 0.0391
1407 0.0368
1408 0.0374
1409 0.038
1410 0.0385
1411 0.0391
1412 0.0397
1413 0.0403
1414 0.0409
1415 0.0386
1416 0.0392
1417 0.0369
1418 0.0375
1419 0.0381
1420 0.0387
1421 0.0364
1422 0.037
1423 0.0376
1424 0.0382
1425 0.0388
1426 0.0393
1427 0.0371
1428 0.0377
1429 0.0354
1430 0.036
1431 0.0366
1432 0.0344
1433 0.035
1434 0.0327
1435 0.0333
1436 0.0339
1437 0.0345
1438 0.0323
1439 0.0328
1440 0.0334
1441 0.034
1442 0.0345
1443 0.0351
1444 0.0357
1445 0.0363
1446 0.0368
1447 0.0374
1448 0.038
1449 0.0385
1450 0.0363
1451 0.0341
1452 0.0347
1453 0.0325
1454 0.0331
1455 0.0337
1456 0.0342
1457 0.032
1458 0.0326
1459 0.0332
1460 0.0337
1461 0.0343
1462 0.0349
1463 0.0327
1464 0.0305
1465 0.0311
1466 0.0317
1467 0.0322
1468 0.0328
1469 0.0333
1470 0.0339
1471 0.0345
1472 0.035
1473 0.0356
1474 0.0361
1475 0.0367
1476 0.0373
1477 0.0378
1478 0.0384
1479 0.0389
1480 0.0368
1481 0.0373
1482 0.0352
1483 0.0357
1484 0.0363
1485 0.0369
1486 0.0347
1487 0.0353
1488 0.0358
1489 0.0364
1490 0.0369
1491 0.0375
1492 0.0353
1493 0.0332
1494 0.0338
1495 0.0343
1496 0.0349
1497 0.0354
1498 0.036
1499 0.0365
1500 0.0344
1501 0.0323
1502 0.0328
1503 0.0334
1504 0.0339
1505 0.0345
1506 0.035
1507 0.0356
1508 0.0361
1509 0.0367
1510 0.0372
1511 0.0378
1512 0.0383
1513 0.0388
1514 0.0394
1515 0.0373
1516 0.0352
1517 0.0357
1518 0.0363
1519 0.0368
1520 0.0347
1521 0.0353
1522 0.0358
1523 0.0337
1524 0.0316
1525 0.0322
1526 0.0301
1527 0.0306
1528 0.0286
1529 0.0291
1530 0.0296
1531 0.0302
1532 0.0307
1533 0.0287
1534 0.0292
1535 0.0271
1536 0.0277
1537 0.0282
1538 0.0288
1539 0.0267
1540 0.0272
1541 0.0278
1542 0.0283
1543 0.0288
1544 0.0294
1545 0.0299
1546 0.0305
1547 0.031
1548 0.0289
1549 0.0295
1550 0.03
1551 0.0305
1552 0.0311
1553 0.0316
1554 0.0296
1555 0.0275
1556 0.0281
1557 0.0286
1558 0.0266
1559 0.0271
1560 0.0276
1561 0.0282
1562 0.0287
1563 0.0292
1564 0.0298
1565 0.0303
1566 0.0283
1567 0.0288
1568 0.0293
1569 0.0273
1570 0.0278
1571 0.0284
1572 0.0289
1573 0.0294
1574 0.0299
1575 0.0305
1576 0.031
1577 0.0315
1578 0.032
1579 0.03
1580 0.028
1581 0.0285
1582 0.0291
1583 0.0296
1584 0.0301
1585 0.0306
1586 0.0312
1587 0.0292
1588 0.0297
1589 0.0302
1590 0.0307
1591 0.0312
1592 0.0293
1593 0.0298
1594 0.0303
1595 0.0308
1596 0.0313
1597 0.0319
1598 0.0324
1599 0.0329
1600 0.0309
1601 0.0314
1602 0.0319
1603 0.03
1604 0.028
1605 0.0285
1606 0.029
1607 0.027
1608 0.0251
1609 0.0256
1610 0.0261
1611 0.0241
1612 0.0222
1613 0.0227
1614 0.0232
1615 0.0237
1616 0.0218
1617 0.0223
1618 0.0203
1619 0.0184
1620 0.0164
1621 0.0169
1622 0.0175
1623 0.018
1624 0.0185
1625 0.019
1626 0.0195
1627 0.0176
1628 0.0181
1629 0.0162
1630 0.0167
1631 0.0147
1632 0.0153
1633 0.0133
1634 0.0138
1635 0.0144
1636 0.0149
1637 0.0154
1638 0.0159
1639 0.014
1640 0.0121
1641 0.0126
1642 0.0107
1643 0.0112
1644 0.0117
1645 0.0122
1646 0.0127
1647 0.0132
1648 0.0137
1649 0.0143
1650 0.0148
1651 0.0153
1652 0.0158
1653 0.0163
1654 0.0168
1655 0.0173
1656 0.0154
1657 0.0159
1658 0.0164
1659 0.0169
1660 0.0174
1661 0.0179
1662 0.0184
1663 0.019
1664 0.0195
1665 0.02
1666 0.0205
1667 0.021
1668 0.0215
1669 0.022
1670 0.0225
1671 0.0206
1672 0.0211
1673 0.0216
1674 0.0197
1675 0.0202
1676 0.0207
1677 0.0212
1678 0.0193
1679 0.0198
1680 0.0203
1681 0.0184
1682 0.0165
1683 0.017
1684 0.0175
1685 0.0157
1686 0.0162
1687 0.0167
1688 0.0172
1689 0.0177
1690 0.0182
1691 0.0187
1692 0.0168
1693 0.0173
1694 0.0178
1695 0.0183
1696 0.0164
1697 0.0169
1698 0.0174
1699 0.0179
1700 0.0184
