10101011101110 764321
10101110111010 966322
11101110101010 299157
11101011101010 686201
10111010101110 330271
10111010101110 520041
11101011101010 764015
11101110101010 988424
10111010101110 231028
10101011101110 675953
10101110101110 738710
10111010111010 260119
10111010101110 618908
11101011101010 410600
11101110101010 890075
10111010111010 267392
11101011101010 135378
11101010111010 112086
10111011101010 619875
11101010111010 340083
10101110101110 312259
10101110111010 207685
10101110101110 831655
10101110101110 884352
11101110101010 536517
10101011101110 778546
11101010111010 859787
10111010101110 961109
11101011101010 413092
11101011101010 987836
10101110101110 381981
11101010101110 265871
11101011101010 977275
10101110111010 856627
11101011101010 952719
10101110111010 381567
11101010111010 448345
11101110101010 977745
11101010111010 931829
10101110111010 235181
11101010111010 124487
10111010111010 179589
11101011101010 586183
11101110101010 495528
11101010101110 778931
11101110101010 296231
10101011101110 527331
10111010101110 881430
10111010111010 193857
10111010111010 366983
10101011101110 152865
10101110111010 564506
10101110101110 436153
11101011101010 864724
11101010101110 914379
10111011101010 638122
11101110101010 278648
11101010101110 694666
10101011101110 854002
11101011101010 215162
11101010101110 413834
11101010101110 535365
10101110111010 984254
11101110101010 309526
10111010101110 911146
10111010111010 607051
11101010101110 796694
11101010101110 836990
10101011101110 765085
11101010111010 743873
10101110111010 215675
11101010101110 976366
10101011101110 915396
11101010111010 909334
10111010111010 707249
10111010111010 139244
10111010101110 803335
11101010101110 118249
10111011101010 196857
10101110111010 466062
10101110111010 346892
10111010111010 213746
11101110101010 395314
10111011101010 946731
11101010111010 471268
10101110111010 304548
10101110101110 640936
10111011101010 486969
10111010111010 954449
11101011101010 528833
11101010111010 317649
11101010111010 187253
11101011101010 478778
11101110101010 422708
10111011101010 480453
10111010101110 623449
10111010101110 417376
10111010111010 608968
10101110101110 552644
11101010101110 320831
10101110111010 574761
11101010101110 866476
10101110101110 456560
11101010101110 927179
10111010101110 393005
10101011101110 828531
10111010101110 927482
10111010111010 598557
10111010111010 664324
11101010101110 435528
10111011101010 228895
10101110101110 362072
10101110101110 556237
10101110111010 140377
11101011101010 944480
11101110101010 887402
10111010101110 516318
10111011101010 976428
11101010101110 501254
10111010101110 710697
10101110101110 289119
10101110111010 450573
11101010101110 200632
10111010101110 134842
11101110101010 728044
10111010101110 142634
11101010111010 794660
11101010101110 251346
10101110101110 492890
10101011101110 987663
11101010111010 139548
10111011101010 480875
10101110111010 643230
10111011101010 708566
11101010111010 275628
10111010101110 300360
10101011101110 702488
10111010101110 295730
10101011101110 717523
10101011101110 825248
11101010111010 901158
10111010111010 245343
10101011101110 318524
10111010111010 232163
11101010111010 335766
11101010111010 654661
10111011101010 103901
11101010101110 554977
10111010101110 888709
10101011101110 147762
11101010111010 429225
11101110101010 772195
10101110101110 818108
10111010111010 373318
10101110111010 904773
11101010111010 759461
11101110101010 602342
11101011101010 288940
10101011101110 609080
10101110101110 987606
11101011101010 890493
10111011101010 648457
11101110101010 388835
10101011101110 648124
10101110111010 123196
10101110101110 863140
10101110101110 263580
10111010111010 244027
10101110111010 727985
11101110101010 304448
10101110101110 940539
10111011101010 191188
10101110111010 394718
10111010101110 133360
11101010101110 567090
10101110101110 734114
11101010111010 457440
10101110111010 131681
10101110101110 480374
10111011101010 807607
11101011101010 574344
11101010111010 465498
10111010111010 501539
10111010111010 550317
11101011101010 253485
10101110101110 831671
10111011101010 178686
10101110111010 180807
11101110101010 789124
10111010111010 977558
10111010101110 561826
10111010111010 487932
10111010101110 333001
10101110101110 934347
10111010101110 696607
11101011101010 848489
10101110101110 769174
11101110101010 553631
11101010101110 614200
11101010101110 795279
10111010111010 101272
11101010111010 417543
11101110101010 710137
10111011101010 131861
11101010101110 833748
10111010101110 853330
10101110101110 931476
10101011101110 271834
10101110111010 607984
10101110111010 841946
11101110101010 650226
10111011101010 842215
10101110111010 701752
10111011101010 920735
11101011101010 122297
10101110111010 416009
11101010111010 774633
11101011101010 128985
10101011101110 602779
10101011101110 747588
10101011101110 140365
11101010111010 864921
11101010101110 934210
10101110111010 208691
10111010111010 107337
10101110111010 356990
10111010101110 399186
11101010101110 697793
10111011101010 896845
10111011101010 290034
11101110101010 658808
11101010101110 958249
10101110101110 941194
11101110101010 382530
10101110111010 533410
10101110101110 638353
11101010101110 517264
10101110101110 272502
10111011101010 967969
10111010111010 709964
11101110101010 457599
11101011101010 634789
11101010111010 185905
10111010111010 518162
10111011101010 413660
10111010101110 448756
10101110111010 588535
10111011101010 641542
10111010111010 593622
10101110101110 123198
10101011101110 952038
10101011101110 443392
11101110101010 212774
10101110111010 486888
10101011101110 384765
11101010101110 108323
10101110111010 399586
10101110111010 884699
10111011101010 381242
10101110111010 702953
11101110101010 776423
10101011101110 799716
10101110101110 218621
10101011101110 417269
10101110111010 325325
11101010101110 335835
11101010101110 617494
10101110101110 900773
10101110101110 431749
11101110101010 783816
10111011101010 513791
11101010101110 510416
11101110101010 991844
10111010111010 926732
11101010101110 346444
10111011101010 128847
10111010111010 947973
10111010101110 558422
10111011101010 188049
11101010111010 300821
10111011101010 381411
10111010111010 383221
11101011101010 293113
11101110101010 880485
10111010101110 230588
10101110101110 315469
10101110101110 963396
11101011101010 446577
10101110101110 631422
10111010111010 516319
10111010111010 263262
11101011101010 244801
10101110101110 936059
10101110111010 159683
11101010111010 344791
11101010101110 131923
10101110101110 180289
11101010111010 591975
10101110101110 365886
10111011101010 621995
10101110111010 520131
10101110111010 392275
10101110101110 567552
10101011101110 666030
10101110111010 188294
10111010101110 365752
10111011101010 295183
10101110101110 862796
10111010111010 735899
10111011101010 256292
11101110101010 618435
10111011101010 254184
11101011101010 296716
11101110101010 425301
10101110101110 762962
10111011101010 918040
11101010101110 229778
11101010101110 317792
10101110111010 370172
10111011101010 781567
10101011101110 116762
10101110101110 554512
11101110101010 432794
10111010101110 234577
10111010101110 815525
10101011101110 983476
11101010111010 866716
10111010111010 477355
11101010111010 498267
11101010111010 491477
10111010111010 654354
10101110101110 583558
11101110101010 404102
11101010101110 747832
10111011101010 244198
10101110111010 446358
10111011101010 358556
10101110111010 366014
10101110111010 905875
11101010111010 912217
10101110101110 346360
11101110101010 880047
11101011101010 501553
10101110101110 845078
10111010101110 115511
11101010101110 887787
11101110101010 542725
11101010111010 880758
11101110101010 738960
10101011101110 794906
10101110101110 933542
10111011101010 517384
11101010111010 983875
10101110101110 850407
11101110101010 836350
10101110111010 371159
10111010111010 126543
11101010101110 630008
10111011101010 632702
10101110101110 503866
10101110101110 460264
10111011101010 129473
11101010101110 921340
10111011101010 743190
10111010111010 520422
10111011101010 201982
10111010111010 697924
11101110101010 477401
10101110101110 572147
11101110101010 657371
10111010101110 145745
11101010111010 958617
10101110101110 477503
11101010101110 377639
11101010101110 124767
10111010111010 892219
10101110111010 278371
11101010101110 572672
11101010111010 909714
11101010111010 551669
11101110101010 821710
10101011101110 658727
10111011101010 514695
10111010111010 918544
10101011101110 254583
10101011101110 878367
11101110101010 332465
10111010111010 165603
10111010101110 651552
10101011101110 703775
11101011101010 145322
10101110111010 916525
10111010111010 190650
11101010111010 917212
11101110101010 601448
11101010111010 641522
10111011101010 256177
10101110101110 852094
10101110101110 200631
11101010111010 803672
10101011101110 698624
11101010101110 558317
10111010111010 919068
11101011101010 105678
10101110101110 790525
10111010101110 229755
10101011101110 202016
11101011101010 819430
11101010101110 685376
10111011101010 339340
10111010101110 487788
11101010101110 398713
11101110101010 655742
11101110101010 991477
11101010111010 772695
10101110101110 459064
11101011101010 595402
10111010111010 567573
11101010101110 544486
10101011101110 973703
11101010101110 884139
10111011101010 615211
10111010101110 466901
10101110111010 983178
11101010101110 186233
11101010101110 347562
11101010101110 932186
10111011101010 223791
10111010111010 242485
10111010111010 858774
11101011101010 800492
11101110101010 845695
11101110101010 381160
10111010101110 413811
11101010111010 278573
10101110111010 368896
11101110101010 937666
10111010101110 414434
10111010101110 425494
10111010111010 846823
10111010101110 428310
10111010111010 649462
10101110101110 264880
10111010101110 467607
10101110111010 663689
11101011101010 737525
10101110101110 998471
11101011101010 509234
11101011101010 903957
10101110101110 512718
10111010111010 151871
10101110111010 157223
11101010111010 158712
10111011101010 769927
11101010101110 688289
11101011101010 506079
11101110101010 576104
10111010101110 824985
11101010101110 501580
11101011101010 833670
10111010101110 423344
11101110101010 272257
10111011101010 116363
10111010101110 345189
10111010101110 805865
11101011101010 844375
11101010111010 852463
10111011101010 719344
10101110111010 534145
10101110101110 542801
11101010101110 830989
10101110101110 524586
10101110101110 568063
10111010111010 142101
10111011101010 877118
11101010101110 468595
11101010111010 182737
11101010111010 489104
11101110101010 997925
11101010101110 208889
11101010101110 248872
11101010101110 163124
10101011101110 217023
10111010101110 809742
10111011101010 504980
10111010111010 572171
10111010101110 137250
10101110101110 433873
10101110111010 810719
11101110101010 755860
10101110111010 544483
10111010111010 684294
10101110111010 716389
10111011101010 482136
11101011101010 275335
10111010101110 334372
11101010111010 564737
10101011101110 599145
11101010101110 563168
11101010101110 679960
