0.8584
0.8584
0.4749
0.1416
0.0584
0.1917
0.287
0.3584
0.0305
0.0584
0.1311
0.1917
0.243
0.0013
0.2083
0.1416
0.0828
0.0305
0.0163
0.1416
0.2845
0.2325
0.359
0.3083
0.2616
0.2185
0.1786
0.2845
0.245
0.2083
0.3029
0.2666
0.2325
0.2004
0.1702
0.1416
0.1146
0.089
0.0647
0.0416
0.1172
0.1892
0.1649
0.2325
0.2083
0.1851
0.248
0.2249
0.2028
0.1816
0.1612
0.1416
0.1982
0.1786
0.1598
0.1416
0.1241
0.1071
0.0908
0.0749
0.0596
0.0448
0.0305
0.0166
0.0031
0.0099
0.0371
0.024
0.0112
0.0559
0.043
0.086
0.0731
0.0605
0.0483
0.0363
0.0247
0.0134
0.0024
0.0416
0.0305
0.0196
0.0091
0.0013
0.0113
0.0212
0.0308
0.0402
0.0045
0.014
0.0232
0.0323
0.0412
0.0499
0.0584
0.0251
0.0337
0.0421
0.0503
0.0584
0.0663
0.0741
0.0817
0.0892
0.0965
0.1037
0.0734
0.0806
0.0511
0.0584
0.0656
0.037
0.0088
0.0163
0.0236
0.0308
0.0379
0.0109
0.0181
0.0251
0.0011
0.0059
0.0196
0.0448
0.0376
0.0305
0.055
0.0478
0.0408
0.0339
0.0271
0.0204
0.0138
0.0371
0.0305
0.024
0.0175
0.0112
0.0049
0.0013
0.0073
0.0148
0.0087
0.0027
0.0032
0.0183
0.0123
0.0065
0.0007
0.0051
0.0107
0.01
0.0043
0.0247
0.019
0.0134
0.0078
0.0024
0.0031
0.0084
0.0137
0.0189
0.024
0.0047
0.0099
0.015
0.0201
0.0251
0.03
0.0349
0.0397
0.0444
0.0492
0.0538
0.0355
0.0402
0.0448
0.0494
0.0539
0.0362
0.0407
0.0452
0.0497
0.0323
0.0368
0.0412
0.0456
0.0499
0.0542
0.0584
0.0626
0.0667
0.0708
0.0749
0.0789
0.0829
0.0868
0.0907
0.0946
0.0784
0.0823
0.0861
0.0899
0.0937
0.0974
0.1011
0.0855
0.0892
0.0928
0.0965
0.1001
0.1037
0.0884
0.092
0.0956
0.0991
0.1026
0.1061
0.1095
0.0948
0.0801
0.0836
0.0871
0.0905
0.094
0.0973
0.0831
0.0689
0.0724
0.0758
0.0792
0.0653
0.0687
0.0721
0.0754
0.0787
0.082
0.0685
0.0551
0.0584
0.0617
0.065
0.0683
0.0715
0.0747
0.0779
0.0811
0.0842
0.0713
0.0744
0.0616
0.0647
0.0679
0.0553
0.0584
0.0615
0.0646
0.0677
0.0553
0.0584
0.0615
0.0645
0.0675
0.0705
0.0735
0.0764
0.0794
0.0823
0.0852
0.088
0.0761
0.079
0.0672
0.0701
0.0729
0.0758
0.0642
0.067
0.0699
0.0727
0.0755
0.0783
0.081
0.0697
0.0724
0.0752
0.064
0.0528
0.0556
0.0446
0.0474
0.0502
0.0393
0.0421
0.0313
0.0341
0.0234
0.0128
0.0156
0.0051
0.0079
0.0107
0.0135
0.0163
0.0191
0.0087
0.0115
0.0142
0.017
0.0197
0.0095
0.0122
0.0149
0.0176
0.0076
0.0103
0.0004
0.0095
0.0193
0.0291
0.0263
0.0236
0.0209
0.0305
0.0401
0.0496
0.0468
0.044
0.0413
0.0507
0.0479
0.0452
0.0425
0.0398
0.0371
0.0345
0.0437
0.041
0.0384
0.0357
0.0331
0.0305
0.0279
0.0253
0.0228
0.0202
0.0177
0.0152
0.0127
0.0102
0.0077
0.0052
0.0028
0.0117
0.0092
0.0068
0.0043
0.0131
0.0107
0.0083
0.0059
0.0035
0.0011
0.0013
0.0036
0.0059
0.0083
0.0106
0.0129
0.0043
0.0066
0.0089
0.0112
0.0135
0.0051
0.0073
0.0096
0.0118
0.0141
0.0163
0.0185
0.0207
0.0124
0.0146
0.0168
0.019
0.0109
0.013
0.0049
0.0071
0.0093
0.0115
0.0136
0.0158
0.0179
0.0099
0.0121
0.0041
0.0038
0.0016
0.0094
0.0073
0.0051
0.003
0.0009
0.0013
0.0034
0.0055
0.0075
0.0096
0.002
0.004
0.0061
0.0082
0.0102
0.0122
0.0047
0.0067
0.0088
0.0108
0.0128
0.0148
0.0073
0.0093
0.0113
0.0133
0.0153
0.0173
0.0192
0.0212
0.0231
0.0251
0.027
0.0289
0.0308
0.0327
0.0346
0.0273
0.0292
0.022
0.0239
0.0258
0.0277
0.0296
0.0224
0.0243
0.0262
0.028
0.0299
0.0317
0.0336
0.0354
0.0284
0.0214
0.0232
0.0251
0.0269
0.02
0.0218
0.0236
0.0254
0.0272
0.029
0.0308
0.0326
0.0344
0.0361
0.0379
0.0396
0.0414
0.0431
0.0448
0.0466
0.0398
0.0416
0.0349
0.0366
0.0383
0.04
0.0334
0.0351
0.0368
0.0385
0.0402
0.0419
0.0436
0.0453
0.0387
0.0404
0.0421
0.0437
0.0454
0.047
0.0487
0.0422
0.0358
0.0375
0.0391
0.0408
0.0424
0.044
0.0457
0.0473
0.0489
0.0505
0.0521
0.0537
0.0474
0.049
0.0506
0.0443
0.0459
0.0475
0.0491
0.0506
0.0522
0.0538
0.0476
0.0492
0.0507
0.0523
0.0538
0.0553
0.0569
0.0584
0.0599
0.0538
0.0554
0.0569
0.0584
0.0599
0.0539
0.0479
0.0494
0.0509
0.0524
0.0465
0.048
0.0495
0.0436
0.0451
0.0466
0.0481
0.0496
0.0511
0.0452
0.0467
0.0482
0.0424
0.0439
0.0381
0.0396
0.0338
0.0353
0.0368
0.0311
0.0325
0.034
0.0355
0.037
0.0384
0.0328
0.0342
0.0357
0.0372
0.0386
0.0401
0.0345
0.0289
0.0233
0.0248
0.0262
0.0277
0.0222
0.0236
0.0251
0.0196
0.021
0.0156
0.017
0.0185
0.0199
0.0214
0.0228
0.0242
0.0256
0.0271
0.0285
0.0299
0.0313
0.0327
0.0341
0.0355
0.0369
0.0382
0.0396
0.041
0.0423
0.037
0.0384
0.0331
0.0345
0.0358
0.0372
0.0386
0.0399
0.0413
0.0426
0.0374
0.0387
0.0401
0.0414
0.0427
0.0441
0.0389
0.0402
0.0415
0.0429
0.0442
0.0455
0.0468
0.0481
0.0494
0.0507
0.052
0.0469
0.0482
0.0431
0.0444
0.0457
0.047
0.0483
0.0496
0.0445
0.0458
0.0471
0.0484
0.0496
0.0509
0.0522
0.0534
0.0547
0.0559
0.0572
0.0584
0.0596
0.0609
0.0559
0.0572
0.0584
0.0535
0.0547
0.0498
0.0511
0.0462
0.0474
0.0487
0.0499
0.0511
0.0523
0.0475
0.0487
0.0439
0.0391
0.0343
0.0296
0.0308
0.0261
0.0273
0.0226
0.0238
0.0251
0.0263
0.0275
0.0288
0.03
0.0312
0.0324
0.0337
0.0349
0.0361
0.0373
0.0385
0.0338
0.035
0.0362
0.0374
0.0386
0.034
0.0352
0.0364
0.0376
0.0388
0.04
0.0411
0.0423
0.0377
0.0389
0.0344
0.0355
0.031
0.0322
0.0334
0.0345
0.03
0.0312
0.0324
0.0335
0.0347
0.0359
0.037
0.0382
0.0393
0.0405
0.0416
0.0428
0.0439
0.045
0.0462
0.0473
0.0484
0.0495
0.0451
0.0462
0.0474
0.043
0.0441
0.0452
0.0463
0.0474
0.0486
0.0497
0.0508
0.0519
0.053
0.0541
0.0551
0.0562
0.0573
0.0584
0.0595
0.0606
0.0616
0.0627
0.0638
0.0648
0.0605
0.0616
0.0573
0.0531
0.0488
0.0499
0.051
0.052
0.0531
0.0542
0.0552
0.0563
0.0573
0.0584
0.0595
0.0605
0.0615
0.0626
0.0636
0.0647
0.0657
0.0667
0.0678
0.0688
0.0698
0.0708
0.0719
0.0729
0.0687
0.0697
0.0708
0.0718
0.0728
0.0738
0.0748
0.0758
0.0768
0.0778
0.0788
0.0747
0.0757
0.0716
0.0726
0.0736
0.0746
0.0756
0.0766
0.0775
0.0735
0.0745
0.0755
0.0714
0.0674
0.0684
0.0694
0.0654
0.0664
0.0674
0.0683
0.0693
0.0703
0.0713
0.0722
0.0683
0.0693
0.0702
0.0712
0.0722
0.0682
0.0692
0.0702
0.0711
0.0721
0.0682
0.0642
0.0652
0.0662
0.0671
0.0681
0.0642
0.0652
0.0661
0.0671
0.068
0.069
0.0699
0.0709
0.0718
0.0728
0.0737
0.0746
0.0708
0.067
0.0679
0.0689
0.0698
0.0707
0.0717
0.0726
0.0735
0.0745
0.0754
0.0763
0.0772
0.0781
0.0791
0.08
0.0809
0.0771
0.078
0.0789
0.0798
0.0808
0.077
0.0733
0.0742
0.0705
0.0714
0.0723
0.0686
0.0649
0.0612
0.0621
0.063
0.0639
0.0648
0.0657
0.0666
0.063
0.0639
0.0648
0.0657
0.0666
0.0675
0.0684
0.0693
0.0702
0.0711
0.072
0.0728
0.0737
0.0746
0.0755
0.0764
0.0773
0.0781
0.079
0.0799
0.0807
0.0816
0.0825
0.0833
0.0842
0.0851
0.0815
0.0823
0.0788
0.0796
0.0761
0.0769
0.0778
0.0787
0.0751
0.076
0.0768
0.0777
0.0786
0.0794
0.0803
0.0811
0.082
0.0828
0.0836
0.0845
0.0853
0.0818
0.0827
0.0835
0.0843
0.0852
0.086
0.0868
0.0877
0.0842
0.085
0.0816
0.0824
0.0832
0.0841
0.0806
0.0815
0.078
0.0788
0.0797
0.0805
0.0813
0.0779
0.0745
0.0753
0.0762
0.077
0.0736
0.0744
0.0752
0.0761
0.0769
0.0777
0.0785
0.0793
0.0802
0.081
0.0818
0.0826
0.0834
0.0842
0.085
0.0858
0.0866
0.0874
0.0882
0.089
0.0898
0.0906
0.0914
0.0922
0.093
0.0938
0.0945
0.0953
0.092
0.0887
0.0895
0.0903
0.0911
0.0918
0.0926
0.0934
0.0901
0.0909
0.0917
0.0884
0.0892
0.0859
0.0867
0.0875
0.0842
0.085
0.0858
0.0865
0.0833
0.0841
0.0849
0.0856
0.0864
0.0872
0.0879
0.0847
0.0855
0.0863
0.087
0.0838
0.0846
0.0854
0.0861
0.0829
0.0837
0.0805
0.0813
0.082
0.0828
0.0836
0.0843
0.0851
0.0859
0.0866
0.0874
0.0881
0.085
0.0857
0.0865
0.0872
0.088
0.0887
0.0895
0.0902
0.091
0.0917
0.0924
0.0932
0.0939
0.0947
0.0954
0.0961
0.0969
0.0938
0.0945
0.0914
0.0921
0.0928
0.0898
0.0905
0.0912
0.092
0.0927
0.0934
0.0903
0.0911
0.0918
0.0925
0.0895
0.0902
0.0871
0.0879
0.0886
0.0893
0.09
0.0908
0.0915
0.0922
0.0929
0.0936
0.0906
0.0913
0.092
0.0928
0.0897
0.0867
0.0875
0.0882
0.0852
0.0859
0.0829
0.0799
0.0806
0.0776
0.0784
0.0791
0.0798
0.0805
0.0776
0.0783
0.079
0.0797
0.0804
0.0811
0.0818
0.0789
0.0796
0.0803
0.081
0.0817
0.0824
0.0831
0.0839
0.0846
0.0853
0.0823
0.0794
0.0801
0.0808
0.0815
0.0822
0.0793
0.08
0.0807
0.0814
0.0821
0.0828
0.0835
0.0842
0.0849
0.0856
0.0863
0.087
0.0877
0.0883
0.089
0.0897
0.0904
0.0911
0.0918
0.0924
0.0931
0.0903
0.0909
0.0916
0.0888
0.0894
0.0866
0.0873
0.0844
0.0851
0.0858
0.0865
0.0871
0.0843
0.085
0.0857
0.0863
0.087
0.0877
0.0849
0.0856
0.0827
0.0799
0.0772
0.0778
0.0785
0.0792
0.0799
0.0805
0.0777
0.0784
0.0756
0.0763
0.077
0.0777
0.0783
0.0756
0.0762
0.0769
0.0776
0.0782
0.0755
0.0762
0.0768
0.0775
0.0782
0.0788
0.0795
0.0768
0.074
0.0747
0.0753
0.076
0.0767
0.074
0.0712
0.0685
0.0658
0.0631
0.0604
0.0577
0.0584
0.0591
0.0564
0.0571
0.0544
0.0551
0.0557
0.0564
0.0571
0.0577
0.0584
0.0591
0.0597
0.0604
0.0611
0.0584
0.0591
0.0597
0.0604
0.061
0.0617
0.0624
0.063
0.0637
0.0643
0.065
0.0656
0.0663
0.0637
0.0643
0.065
0.0656
0.063
0.0636
0.061
0.0584
0.0591
0.0564
0.0571
0.0577
0.0551
0.0558
0.0565
0.0571
0.0578
0.0552
0.0558
0.0565
0.0571
0.0578
0.0584
0.059
0.0597
0.0603
0.0578
0.0552
0.0526
0.0533
0.0539
0.0546
0.052
0.0526
0.0533
0.0539
0.0546
0.0552
0.0559
0.0565
0.0571
0.0578
0.0584
0.059
0.0597
0.0603
0.0609
0.0584
0.059
0.0597
0.0603
0.0609
0.0615
0.0622
0.0628
0.0634
0.0641
0.0647
0.0653
0.0659
0.0665
0.0672
0.0678
0.0684
0.069
0.0665
0.064
0.0646
0.0652
0.0659
0.0665
0.064
0.0646
0.0652
0.0658
0.0633
0.064
0.0646
0.0652
0.0627
0.0633
0.0609
0.0584
0.059
0.0566
0.0572
0.0547
0.0553
0.0559
0.0566
0.0541
0.0547
0.0553
0.0529
0.0535
0.0541
0.0517
0.0523
0.0529
0.0505
0.0481
0.0457
0.0432
0.0439
0.0415
0.0421
0.0427
0.0433
0.0409
0.0415
0.0421
0.0397
0.0404
0.038
0.0356
0.0332
0.0338
0.0344
0.035
0.0327
0.0303
0.0309
0.0315
0.0322
0.0298
0.0304
0.031
0.0316
0.0322
0.0329
0.0335
0.0311
0.0288
0.0294
0.03
0.0306
0.0312
0.0318
0.0324
0.033
0.0337
0.0343
0.0349
0.0355
0.0361
0.0367
0.0373
0.0379
0.0385
0.0362
0.0368
0.0374
0.038
0.0386
0.0392
0.0398
0.0404
0.0409
0.0386
0.0392
0.0398
0.0404
0.041
0.0416
0.0422
0.0428
0.0434
0.044
0.0445
0.0423
0.0428
0.0434
0.0411
0.0417
0.0394
0.04
0.0377
0.0383
0.0389
0.0395
0.0372
0.0378
0.0384
0.0361
0.0367
0.0373
0.0379
0.0385
0.0362
0.0368
0.0374
0.038
0.0385
0.0391
0.0397
0.0403
0.038
0.0386
0.0364
0.0369
0.0375
0.0381
0.0359
0.0364
0.037
0.0376
0.0382
0.0388
0.0365
0.0371
0.0349
0.0354
0.036
0.0338
0.0344
0.0322
0.0327
0.0333
0.0339
0.0317
0.0323
0.0328
0.0334
0.034
0.0345
0.0351
0.0357
0.0363
0.0368
0.0374
0.038
0.0358
0.0336
0.0341
0.032
0.0325
0.0331
0.0337
0.0315
0.032
0.0326
0.0332
0.0337
0.0343
0.0321
0.03
0.0305
0.0311
0.0317
0.0322
0.0328
0.0333
0.0339
0.0345
0.035
0.0356
0.0361
0.0367
0.0373
0.0378
0.0384
0.0362
0.0368
0.0346
0.0352
0.0357
0.0363
0.0342
0.0347
0.0353
0.0358
0.0364
0.0369
0.0348
0.0327
0.0332
0.0338
0.0343
0.0349
0.0354
0.036
0.0339
0.0317
0.0323
0.0328
0.0334
0.0339
0.0345
0.035
0.0356
0.0361
0.0367
0.0372
0.0378
0.0383
0.0388
0.0367
0.0346
0.0352
0.0357
0.0363
0.0342
0.0347
0.0353
0.0332
0.0311
0.0316
0.0295
0.0301
0.028
0.0286
0.0291
0.0296
0.0302
0.0281
0.0287
0.0266
0.0271
0.0277
0.0282
0.0262
0.0267
0.0272
0.0278
0.0283
0.0288
0.0294
0.0299
0.0305
0.0284
0.0289
0.0295
0.03
0.0305
0.0311
0.029
0.027
0.0275
0.0281
0.026
0.0266
0.0271
0.0276
0.0282
0.0287
0.0292
0.0298
0.0277
0.0283
0.0288
0.0268
0.0273
0.0278
0.0284
0.0289
0.0294
0.0299
0.0305
0.031
0.0315
0.0295
0.0275
0.028
0.0285
0.0291
0.0296
0.0301
0.0306
0.0286
0.0292
0.0297
0.0302
0.0307
0.0287
0.0293
0.0298
0.0303
0.0308
0.0313
0.0319
0.0324
0.0304
0.0309
0.0314
0.0294
0.0275
0.028
0.0285
0.0265
0.0245
0.0251
0.0256
0.0236
0.0217
0.0222
0.0227
0.0232
0.0212
0.0218
0.0198
0.0179
0.0159
0.0164
0.0169
0.0175
0.018
0.0185
0.019
0.0171
0.0176
0.0156
0.0162
0.0142
0.0147
0.0128
0.0133
0.0138
0.0144
0.0149
0.0154
0.0135
0.0115
0.0121
0.0101
0.0107
0.0112
0.0117
0.0122
0.0127
0.0132
0.0137
0.0143
0.0148
0.0153
0.0158
0.0163
0.0168
0.0149
0.0154
0.0159
0.0164
0.0169
0.0174
0.0179
0.0184
0.019
0.0195
0.02
0.0205
0.021
0.0215
0.022
0.0201
0.0206
0.0211
0.0192
0.0197
0.0202
0.0207
0.0188
0.0193
0.0198
0.0179
0.016
0.0165
0.017
0.0152
0.0157
0.0162
0.0167
0.0172
0.0177
0.0182
0.0163
0.0168
0.0173
0.0178
0.0159
0.0164
0.0169
0.0174
0.0179
0.0184
